123test
401757225
401754375
401757218
401752671
401752796
401752803
401762522
401762789
401761589
401752800
401752794
401752670
401756847
401760358
401752673
401754616
401752680
401752665
401762456
401757224
401752677
401756846
401752676
401756853
401752678
401752806
401756855
401752804
401752675
401752808
401752672
401752669
401752795
401752807
401754637
401752687
401752811
401752683
401756885
401754526
401752839
401752831
401752827
401752830
401752706
401756894
401752848
401754642
401752841
401754542
401752715
401754541
401752723
401752850
401760379
401762824
401756907
401761614
401757271
401752725
401752721
401756903
401757272
401752728
401752859
401762475
401752855
401752729
401762478
401761625
401754561
401752866
401754562
401752733
401760387
401762487
401762490
401752877
401762842
401756926
401752878
401752941
401754567
401762492
401752885
401754570
401760397
401754571
401762847
401754572
401752886
401756933
401756935
